3.42476058	10.29549476	69.43381381
2.12074977	9.40526172	451.58602816
1.27273568	6.73449332	323.36028808
1.08554482	5.47797412	263.45968474
0.95336247	4.87117867	235.58257989
0.79934946	4.35472967	210.02535855
0.66125155	3.70865229	179.56856943
0.81264419	4.18865169	202.06476115
0.69867390	3.55638593	171.22098510
0.54752824	3.02353638	145.15783548
0.29982206	1.83845975	89.36998741
0.22222617	1.36828884	67.73451192
0.12063818	1.03777351	49.55590716
0.48990720	0.84910464	46.88047572
0.27261386	0.99001855	50.89388925
0.17150128	1.02208976	48.31904431
0.44640134	2.19734282	105.24962401
0.54475364	1.65331252	83.20298193
0.28392722	1.36265165	69.11509077
0.39905366	1.52521538	78.69855666
0.23539402	1.21167322	58.15095986
0.55313886	2.21338543	108.56208231
0.03317902	1.30662725	61.23363967
0.14712007	1.47485588	71.48095441
0.52266072	2.16633105	112.74085943
0.14155980	1.15804864	56.65618796
0.18912000	1.40560885	67.79481564
0.36466632	1.64342222	85.25042873
0.15929479	1.33741498	63.32109844
0.16037585	1.11664121	53.56712662
0.05630814	0.77705843	36.69528670
0.23595546	0.64196194	33.71898550
0.00000000	0.43372052	20.47063317
0.36387458	1.20850160	62.09487280
0.44457394	2.48891554	120.15434883
0.19720082	1.76981346	84.31619057
0.17960293	1.47693278	69.85878601
0.10393854	1.10844916	53.05395297
0.29480355	1.49111748	70.95194707
0.08602929	0.81927083	39.65182310
0.06683805	0.60188949	28.45961670
0.06846670	0.52339365	25.38561111
0.04583543	0.47197850	22.30119419
0.01657484	0.40820312	19.17249204
0.02552953	0.33070523	15.68337897
0.00982528	0.28924637	13.96026967
0.40673916	0.85798736	25.48093763
0.15030313	0.57450283	27.62062024
0.24627728	1.11946535	53.93309185
0.30475289	0.83538594	48.10070569
0.25876449	1.37923363	66.44619232
0.18246110	1.52911761	73.50774909
0.11677836	0.91180018	42.97611087
0.36574592	1.64609129	52.55845151
0.11242554	0.71847862	35.87664245
0.22845973	1.24537223	60.35166714
0.32004530	1.52575309	74.20088418
0.87022160	3.86655653	76.19651957
0.31078635	1.67582544	78.95051381
0.66840785	4.13057638	76.29549418
0.24078922	1.42878620	69.12767635
0.19467849	1.02636052	48.54260135
0.18084227	0.99601087	48.26401575
0.09907375	0.83952371	40.04344136
0.00755768	0.66089532	31.34127256
0.02096119	0.61896635	29.56781324
0.04743069	0.53545472	25.54890501
0.03100010	0.46011814	21.82891700
0.03503638	0.40323586	19.14461277
0.03611259	0.35188754	16.71822009
0.05525280	0.32690737	15.68098833
0.22037432	0.51323767	25.33222161
0.03363151	0.32307697	15.31295429
0.03631915	0.23216122	11.18915780
0.03556410	0.29502998	14.73348843
0.07449479	0.36239103	17.25033223
0.02890130	0.17657754	8.44409925
0.02036323	0.28996738	13.81759550
0.01450711	0.24047231	11.36706701
0.12888094	0.66341744	34.14342510
0.33243904	0.92804463	47.29234268
0.23217262	0.75551945	37.20594887
0.08125974	0.52489195	25.37926384
0.03461729	0.42564809	20.33857692
0.14142975	0.39634579	19.60768749
0.01413428	0.32629411	15.51629233
0.01224436	0.27981356	13.27303066
0.01464908	0.24184584	11.47548879
0.01829688	0.21393496	10.16564465
0.01130767	0.19277082	9.13173049
0.42050020	0.58173785	20.53215241
0.06040397	0.31235368	15.43371668
0.04387591	0.25167718	12.00787702
0.03079128	0.23550648	11.54024813
0.02019515	0.17994251	8.60597091
0.00766184	0.15110773	7.18620977
0.00753532	0.12430364	5.95058674
0.00606983	0.09132591	4.36898775
0.00044542	0.06457720	3.04632690
0.01927471	0.13159373	6.35647026
0.28998232	0.50287353	25.68529528
0.04318578	0.21940702	10.59551155
0.02629944	0.16992219	8.15018185
0.01876696	0.12843566	6.10085111
0.10054854	0.48798196	24.26220008
0.21442888	0.64506158	32.76852991
0.15221405	0.75269970	36.38104124
0.31743357	1.03642671	50.96226157
0.11849533	0.62220847	30.00058195
0.07307184	0.44984426	21.40895085
0.04422562	0.31672899	15.11350043
0.00395602	0.23041494	10.90281400
0.01157591	0.18927743	8.95494401
0.04433082	0.31143052	14.88130539
0.02394577	0.21229540	10.17026561
0.02715832	0.15321744	7.43575944
0.01278444	0.13709808	6.57031523
0.03449146	0.14197719	7.16880197
0.12869591	0.32414334	10.34685228
0.15233196	0.50873850	24.72131210
0.08065558	0.21947532	10.77919554
0.04585906	0.13914547	6.89865373
0.20841520	0.47849399	13.36512484
0.22255356	0.60361465	12.31194805
0.26895614	0.64050215	27.97050916
0.05363656	0.38718168	18.72731861
0.15854000	0.27823875	15.10047656
0.20916935	0.58304624	30.52867344
0.03951839	0.39533148	18.89127144
0.00016906	0.19224811	9.06587808
0.00000000	0.12818645	6.15331886
0.00231008	0.12696307	6.07989153
0.02922826	0.18408244	9.40892267
0.03219199	0.21553833	10.39849199
0.00324452	0.13476222	6.42274898
0.00997059	0.10660144	5.15213042
0.00533014	0.10729097	5.10521617
0.02054292	0.13636239	6.46632379
0.23093572	1.14608705	18.93259029
0.31283894	1.52791165	74.93555112
0.22814305	1.36278187	65.38582179
0.15333458	1.01951999	48.86312126
0.15471695	1.23802289	59.91025040
0.39062277	1.34633681	67.14152395
0.33060997	1.61191920	78.20526561
0.17201056	1.01324834	49.00214056
0.15966356	0.94587476	45.07163439
0.41850825	1.49187584	74.07279047
0.10355781	0.90452893	45.07123823
0.05364564	0.97582503	46.46494359
0.01940896	0.79032610	37.77412135
0.36127828	1.86609566	91.03628402
0.34778407	1.40387356	68.84265693
0.11065626	0.96676081	46.00301673
0.12853145	0.92036563	45.10625878
0.10088309	0.90190745	42.48408332
0.18359484	0.74706093	36.89491169
0.09730350	0.52908277	26.57789631
0.09849442	0.75895994	36.48188827
0.04287427	0.73337472	34.53070462
0.30888008	0.83833025	43.03803149
0.14682311	0.97091506	46.64568196
0.05585313	0.65656287	31.42200728
0.05712348	0.58303195	28.20687699
0.01244430	0.46799953	22.13351883
0.09500512	0.56206872	28.24713140
0.06919691	0.49391668	23.57690105
1.26813669	2.22365210	46.33353053
0.19398912	1.11491793	55.88369404
0.19294812	1.07160852	51.58214219
0.14196752	0.84144275	40.64054161
0.13547708	0.79192410	37.86849368
0.11036568	0.69485672	33.19162091
0.13261465	0.72975051	35.23155669
0.06559100	0.54615443	26.12976968
0.16110828	0.48119750	29.04264782
0.12233443	0.66624834	33.16334906
0.07838814	0.53053389	25.40435600
0.12154158	0.41373247	21.81077515
0.07705833	0.45324014	21.92106161
0.08446394	0.43120951	20.84793772
0.08520746	0.53201499	25.59914713
0.17306635	0.61616791	30.09033266
0.47143723	1.07879209	20.06641801
0.12888900	0.67946830	33.35881245
0.04209008	0.28695008	14.01165587
0.00869001	0.16361197	7.79082758
0.02222582	0.13835650	6.71344027
0.01044179	0.09800760	4.75604963
0.00010244	0.06965382	3.27183959
0.02551799	0.07564806	3.77414780
0.00445294	0.07046570	3.38275642
0.01216625	0.04248716	2.06028147
0.00525586	0.02219392	1.08740876
0.00758914	0.05844893	2.90805375
0.00856618	0.05565036	2.61236975
0.00772313	0.05175568	2.43006739
0.00000000	0.02754866	1.30549040
0.06192372	0.13162873	6.70975389
0.01100341	0.09529747	4.56937859
0.00289974	0.06881359	3.35907804
0.02907927	0.07901548	4.04698406
0.07273036	0.20762588	2.31466466
0.03105606	0.17821028	8.42056782
0.01720799	0.15628151	7.49926210
0.01797713	0.11495962	5.47325112
0.01494015	0.09142200	4.49228252
0.00690783	0.06994215	3.41848295
0.00327098	0.06264898	2.96914976
0.00085239	0.05698386	2.71025270
0.00954261	0.06856453	3.24976258
0.00426485	0.04794126	2.29992808
0.00637170	0.03771912	1.83736082
0.01193213	0.05987151	2.96712248
0.00253593	0.03633335	1.72964490
0.01424568	0.08000766	4.03071762
0.03773874	0.09506325	3.42907609
0.00493325	0.03707282	1.75382530
0.00142316	0.02330525	1.13001221
0.00048748	0.02321168	1.09880786
0.00255226	0.01765611	0.83872791
0.00131040	0.02189795	1.03564326
0.00010830	0.01296356	0.61561944
0.00040431	0.01333217	0.64301451
0.00037565	0.01121116	0.54850323
0.00013779	0.00872110	0.42144060
0.00669245	0.01776388	0.32615420
0.00000000	0.00992896	0.45809550
0.00060632	0.00474291	0.23834717
0.00754173	0.01524810	0.76158977
0.02911204	0.05518286	2.71628084
0.01974518	0.01752745	0.93124729
0.00649013	0.02985654	1.08800788
0.01605631	0.03092078	0.77637128
0.00053865	0.00488921	0.23469618
0.00796058	0.02755140	0.35370913
0.00187008	0.01263595	0.60334024
0.00383449	0.01658444	0.85903555
0.01144945	0.06270365	3.21329257
0.01539161	0.03342456	1.71659683
0.01262825	0.05388586	2.73041588
0.10188892	0.18238145	4.39527972
0.04628238	0.18363418	9.26413942
0.21661362	0.33461311	14.63477178
0.03188833	0.15514893	7.51174134
0.01018547	0.09255332	4.38513298
0.00058267	0.05310613	2.51688559
0.00000000	0.03621555	1.72660844
0.01637633	0.05008637	2.54149071
0.00507227	0.08007828	3.91921949
0.00907861	0.07790110	4.17701895
0.01489026	0.12394070	6.15338963
0.24061718	0.75975484	24.50875870
0.10284848	0.50014054	24.73141043
0.07968183	0.45330034	21.68950760
0.08123747	0.37524776	18.64984523
0.09601476	0.47851068	23.29427627
0.17075062	0.33469201	14.29782074
0.13412240	0.86523292	41.72021852
0.20214360	1.19317628	57.76772925
0.14954902	0.68187823	30.84584485
0.37293431	1.18739743	46.92260918
0.09671410	1.01868501	48.62812212
0.19586147	0.83217676	41.54610030
1.17215773	1.67187081	88.17621636
0.24185341	1.10499804	53.15273387
0.30494258	1.26308501	62.73039435
0.14916234	1.15593609	59.35426590
0.20401267	0.72298434	34.67356323
0.10096745	0.77660157	37.99591589
0.26143198	1.33584467	63.35816066
0.29324025	1.19679879	60.94824767
0.19306788	1.17777377	56.39209693
0.19704744	1.08973813	51.89922326
0.16718918	1.03935929	49.55621213
0.25415398	1.22434659	58.30121268
0.19228880	1.02726816	48.68469670
0.17020190	0.94375655	45.28466576
0.21608481	0.91427367	44.80018390
0.12629405	0.81862970	39.02580845
0.23547751	0.85953712	39.56666618
0.12534483	0.69776701	33.44647247
0.14055400	0.76006660	35.96836226
0.15794460	0.89038498	43.45217261
0.09998946	0.56838092	27.13206999
0.10074990	0.55912068	26.70881435
0.07584078	0.49561033	23.75016197
0.08304934	0.48151780	23.13037523
0.06589742	0.42276542	20.21007959
0.04873620	0.43446763	20.59225017
0.03899385	0.35228101	16.78615190
0.04755720	0.34429946	16.36672331
0.11632056	0.37893991	19.73745509
0.09477875	0.53957000	26.12744955
0.05643070	0.44664622	21.24998677
0.04996004	0.37978058	18.10506365
0.03871190	0.36286665	17.26499587
0.04389406	0.36294352	17.21778267
0.05065505	0.36347595	17.54502010
0.06079538	0.35006580	17.10671666
0.04957082	0.37600324	17.94579904
0.09033582	0.47064437	22.91182465
0.04472342	0.39739234	18.74972829
0.04232370	0.34910597	16.93971695
0.05185308	0.32664340	15.60531208
0.05289585	0.32930211	15.83217601
0.03882592	0.30800083	14.62889674
0.03061882	0.28898310	13.78675137
0.03027458	0.27089960	13.11126494
0.04242812	0.27398153	13.20891456
0.02562286	0.23994723	11.41418951
0.02548871	0.26399419	12.71661967
0.05128838	0.35327075	16.86592616
0.03375010	0.27575064	13.05361481
0.03403217	0.24926168	11.92900170
0.03214491	0.22203058	10.63725310
0.02789129	0.22139859	10.73593621
0.01606267	0.21529562	10.32256282
0.19030379	0.54154942	26.96427886
0.09929044	0.51619564	24.53953889
0.09549205	0.55445117	22.25692081
0.30652680	0.85199466	44.42844174
0.36551331	1.63309523	83.86669984
0.11895651	1.64806592	78.87985519
1.39789549	6.49786166	312.63398263
1.15204617	5.34298863	256.04277244
0.64982492	4.04945817	196.81256629
0.54742432	3.58077767	173.17085719
0.55334725	3.05104612	145.95187475
0.52010378	3.03494308	145.22786147
0.43836922	2.91071803	140.32594561
0.47090568	2.87585330	136.84484176
0.42367864	2.61315435	125.78093446
0.40593811	2.49496737	118.71555314
0.31263991	2.32747477	110.63556037
0.38902948	2.36041724	112.69461190
0.33078614	2.09482838	99.76623650
0.47894689	2.28579360	113.48141830
0.34181875	1.99054255	94.85776764
0.28872001	1.91135918	91.50244915
0.37422212	2.13393150	101.74383367
0.28095396	1.88732035	93.70532000
0.32206864	1.91307680	91.41053580
0.41846611	2.20320490	106.18095180
0.32582928	1.96354489	93.60352283
0.27503323	1.81562491	87.06172638
0.28803493	1.76869699	84.00091138
0.13681414	1.71992211	82.77430736
0.21557109	1.90958893	94.58633152
0.24685273	1.60064832	76.78843174
0.43043578	2.22541149	110.12847602
0.33880003	2.04979819	97.40611498
0.33524452	1.94323232	92.46291036
0.30280694	1.78725497	85.34092872
0.23862175	1.66482548	80.32176991
0.28693506	1.63583854	78.46895582
0.34813450	1.94745645	94.33622939
0.32812283	1.93813839	92.95849841
0.33277575	1.92104149	92.23462046
0.28483642	2.03634335	99.77621388
0.25097114	1.71834886	81.69637991
0.26335069	1.54315432	73.41468445
0.14426586	1.33949499	63.75694644
0.16074629	1.40864501	68.39040581
0.20124278	1.35397820	64.72108500
0.29469393	1.63307740	78.79695084
0.26626131	1.54733304	75.66842262
0.22916182	1.30193299	62.02706652
0.82130284	1.67128866	87.18550749
0.25597603	1.64868521	78.58890050
0.29319898	1.64036296	79.61373403
0.23974515	1.52192584	72.42715438
0.16944031	1.23913303	58.90922365
0.16554068	1.32484935	65.06624407
0.24471707	1.45981301	69.22007315
0.20438188	1.16617469	55.88778167
0.10506934	1.06995410	52.46048175
0.24429245	0.95742540	46.78838437
0.12925590	0.86357559	41.04466550
0.16645578	0.92424935	44.51963071
0.20535903	1.26142730	59.95087613
0.12661676	0.93139756	44.53052462
0.12780748	0.80608726	38.66136660
0.05825084	0.66701701	31.89947504
0.05568637	0.58949959	28.19613093
0.04325629	0.53714285	25.50590570
0.03592160	0.48421080	22.90999180
0.01527183	0.43421078	20.78465248
0.03019769	0.41712094	19.87692352
0.02933982	0.39019377	18.50344263
0.02290328	0.36577822	17.40952755
0.02492786	0.35426422	16.73977123
0.01692027	0.32815508	15.56761659
0.00774724	0.30835042	14.61421509
0.00999403	0.29007464	13.79489222
0.11111830	0.50201695	13.94721887
0.01912339	0.26913939	12.75515942
0.01201329	0.25418749	12.03479119
0.01764391	0.24145049	11.47694881
0.02375056	0.24141421	11.45330159
0.00640477	0.22143792	10.48651588
0.00137714	0.20886781	9.87075295
0.00106694	0.19857705	9.52037589
0.00635821	0.19193669	9.10075852
0.00769101	0.19998013	9.50070346
0.00303612	0.19668210	9.28053137
0.00681616	0.20106125	9.54721674
0.00000000	0.17347188	8.23670457
0.00094473	0.18011185	8.63620046
0.00417643	0.15429423	7.42734302
0.00691537	0.14200613	6.79308127
0.00000000	0.13157235	6.27102460
0.00861098	0.15957034	6.34646492
0.00314938	0.12168608	5.84568126
0.02626226	0.13626196	6.50298805
0.01191558	0.20645691	9.70031111
0.02286225	0.26393230	12.73276626
0.01691895	0.19930191	9.88287184
0.04537574	0.38771181	18.39959068
0.01351989	0.25457483	11.98867694
0.05988501	0.41420169	19.42086058
0.14742436	0.69574444	35.03834602
0.05933105	0.45576278	21.89109732
0.00866349	0.33988387	16.12151394
0.03186631	0.27978590	13.48705547
0.04343187	0.39459062	18.85189813
0.15620602	0.64677748	32.67504663
0.08695100	0.58229002	27.48780227
0.20189695	0.45388609	21.25023085
0.14038172	0.40777412	16.58814742
0.16551652	0.50492532	25.95330172
0.22855824	0.94180608	47.68002658
0.55822441	2.48019643	122.64937562
0.36834169	2.35451491	111.95612545
0.59756838	2.60654490	122.81310319
0.44093861	2.22649099	112.69395815
0.47555371	3.13048888	151.49153488
0.32497176	1.73147978	83.99548753
0.49223838	2.44296377	118.93591628
0.39764756	1.11351486	56.83381302
0.57819199	3.12471901	152.02371746
0.50161998	2.81200374	135.62305763
0.47601926	2.48816764	118.90527658
0.47518407	2.53304625	123.55082614
0.37885449	2.20392876	106.24934060
0.36966843	1.89058637	91.51331488
0.45153960	2.43952008	117.07561249
0.46769056	2.54716200	122.37977324
0.37395673	2.23663601	110.02379512
0.50814484	2.46147137	119.17028708
0.44385504	2.22899948	109.35433603
0.34225112	1.97973798	93.83683356
0.31211910	1.88451525	90.23728844
0.48823761	1.82821822	90.33708211
0.28909020	1.74098820	83.09684094
0.27286244	1.74081734	82.36814774
0.40949028	2.16223267	104.60036281
0.37687594	2.17659071	104.81318710
0.39334064	2.10405183	100.31942261
0.41635023	2.24553830	106.99665035
0.42387322	2.49724679	119.46489792
0.53272740	2.72932361	98.89342182
0.48199024	2.32758337	111.56531606
0.10719798	1.95873785	93.58906475
0.57039951	2.16958786	110.15233627
1.04921301	4.68747360	199.24132464
0.97492316	3.11424465	152.35064035
0.40996681	3.16189860	150.47362797
0.70386639	2.72495372	132.22353259
0.25935753	2.05381667	98.42689806
0.18428290	1.56768177	74.53877786
0.47278232	1.23036192	61.68449660
0.20155379	1.28480019	60.56719074
0.17529330	1.08289555	51.25379393
0.19100340	1.10448622	53.59449124
0.22399103	1.24594095	60.53400165
0.12103153	1.14541624	55.11164444
0.94707341	1.25991382	68.43333364
0.39125816	1.80302378	87.77930010
0.31779500	1.55896699	74.97165856
0.02591509	1.02352650	48.75382209
0.00429004	0.77799604	36.93275717
0.01449666	0.64395022	30.39644028
0.12241977	0.76845769	37.62374906
0.05141482	0.54945074	26.63607093
0.42649548	2.12988219	101.08340617
0.27985005	1.09769552	53.34440423
0.05421426	0.51903150	25.01199916
0.06285377	0.45202138	21.90111680
0.00207398	0.33541813	15.78218035
0.03479311	0.27003200	13.14636463
0.08017232	0.31082603	10.93188369
0.02207126	0.18145039	8.54483868
0.22526157	0.86037005	43.91699606
0.35873159	1.75187285	84.65863013
0.11007534	0.87556819	41.37956249
0.06412362	0.54116488	26.96929906
0.13036704	0.82640329	39.78523787
0.07408144	0.85481218	40.74529309
0.58181861	2.91651494	141.12480251
